[ASSETS]
Objects/brick.txt
Objects/brick_fragment.txt
Objects/brick_test.txt
Objects/mario.txt
Objects/bullet.txt
Objects/background.txt
Objects/pipe.txt

[MAP]
3376 480

[OBJECTS]

########## BACKGROUND ##########
# type x y z
3 0 240 0.9

########## MARIO ##########
# type x y z
0 0 420 0.2

########## END SCENE POINT ##########
# type x y z
5 3264 416 0.5

########## PIPE ##########
# type x y z
# Pipe 1
4 448 416 0.5

# Pipe 2
4 608 400 0.5
4 608 416 0.5

# Pipe 3
4 736 384 0.5
4 736 400 0.5
4 736 416 0.5

# Pipe 4
4 912 384 0.5
4 736 400 0.5
4 912 416 0.5

# Pipe 5
4 2608 416 0.5

# Pipe 6
4 2864 416 0.5

########## BRICK (type=8, breakable by big Mario) ##########
# type x y z

# --- Group 1 (before Pipe 1) ---
8 320 384 0.5
8 352 384 0.5
8 384 384 0.5


# --- Group 2 (after Gap 1, x=1136) ---
8 1232 384 0.5
8 1264 384 0.5

# --- Group 3 (after Gap 2, x=1424) ---
8 1280 320 0.5
8 1296 320 0.5
8 1312 320 0.5
8 1328 320 0.5
8 1344 320 0.5
8 1360 320 0.5
8 1376 320 0.5
8 1392 320 0.5

# --- Group 4 ---
8 1456 320 0.5
8 1472 320 0.5
8 1488 320 0.5

# --- Group 5 ---
8 1504 384 0.5

# --- Group 6 ---
8 1600 384 0.5
8 1616 384 0.5

# --- Group 7 ---
8 1888 384 0.5

# --- Group 8 ---
8 1936 320 0.5
8 1952 320 0.5
8 1968 320 0.5

# --- Group 9 ---
8 2048 320 0.5
8 2064 384 0.5
8 2080 384 0.5
8 2096 320 0.5

# --- Group 10 ---
8 2688 384 0.5
8 2704 384 0.5
8 2736 384 0.5


########## BRICKTEST (type=6, ? block) ##########
# type x y z

# --- Row thap (y=352) ---
# Group 1
# 6 256 352 0.5
# 6 352 352 0.5

# Group 2
# 6 608 352 0.5
# 6 656 352 0.5

# Group 3
# 6 784 352 0.5
# 6 864 352 0.5

# Group 4 (after Gap 1)
# 6 1152 352 0.5
# 6 1216 352 0.5

# Group 5 (after Gap 2)
# 6 1504 352 0.5
# 6 1536 352 0.5
# 6 1552 352 0.5
# 6 1584 352 0.5
# 6 1696 352 0.5

# Group 6
# 6 1744 352 0.5
# 6 1792 352 0.5
# 6 1840 352 0.5
# 6 1968 352 0.5
# 6 2016 352 0.5
# 6 2064 352 0.5
# 6 2112 352 0.5
# 6 2160 352 0.5
# 6 2272 352 0.5
# 6 2336 352 0.5

# --- Row cao (y=288) ---
# Hidden mushroom block (above brick group 1)
# 6 320 288 0.5

# Three ? blocks (after Pipe 1, famous group)
# 6 496 288 0.5
# 6 512 288 0.5
# 6 528 288 0.5

# ? block above Pipe 3 area
# 6 720 288 0.5

# ? block after Gap 1
# 6 1168 288 0.5

########## PLATFORM ##########
# type x y z
1 0 448 0.5
1 16 448 0.5
1 32 448 0.5
1 48 448 0.5
1 64 448 0.5
1 80 448 0.5
1 96 448 0.5
1 112 448 0.5
1 128 448 0.5
1 144 448 0.5
1 160 448 0.5
1 176 448 0.5
1 192 448 0.5
1 208 448 0.5
1 224 448 0.5
1 240 448 0.5
1 256 448 0.5
1 272 448 0.5
1 288 448 0.5
1 304 448 0.5
1 320 448 0.5
1 336 448 0.5
1 352 448 0.5
1 368 448 0.5
1 384 448 0.5
1 400 448 0.5
1 416 448 0.5
1 432 448 0.5
1 448 448 0.5
1 464 448 0.5
1 480 448 0.5
1 496 448 0.5
1 512 448 0.5
1 528 448 0.5
1 544 448 0.5
1 560 448 0.5
1 576 448 0.5
1 592 448 0.5
1 608 448 0.5
1 624 448 0.5
1 640 448 0.5
1 656 448 0.5
1 672 448 0.5
1 688 448 0.5
1 704 448 0.5
1 720 448 0.5
1 736 448 0.5
1 752 448 0.5
1 768 448 0.5
1 784 448 0.5
1 800 448 0.5
1 816 448 0.5
1 832 448 0.5
1 848 448 0.5
1 864 448 0.5
1 880 448 0.5
1 896 448 0.5
1 912 448 0.5
1 928 448 0.5
1 944 448 0.5
1 960 448 0.5
1 976 448 0.5
1 992 448 0.5
1 1008 448 0.5
1 1024 448 0.5
1 1040 448 0.5
1 1056 448 0.5
1 1072 448 0.5
1 1088 448 0.5


1 1136 448 0.5
1 1152 448 0.5
1 1168 448 0.5
1 1184 448 0.5
1 1200 448 0.5
1 1216 448 0.5
1 1232 448 0.5
1 1248 448 0.5
1 1264 448 0.5
1 1280 448 0.5
1 1296 448 0.5
1 1312 448 0.5
1 1328 448 0.5
1 1344 448 0.5
1 1360 448 0.5



1 1424 448 0.5
1 1440 448 0.5
1 1456 448 0.5
1 1472 448 0.5
1 1488 448 0.5
1 1504 448 0.5
1 1520 448 0.5
1 1536 448 0.5
1 1552 448 0.5
1 1568 448 0.5
1 1584 448 0.5
1 1600 448 0.5
1 1616 448 0.5
1 1632 448 0.5
1 1648 448 0.5
1 1664 448 0.5
1 1680 448 0.5
1 1696 448 0.5
1 1712 448 0.5
1 1728 448 0.5
1 1744 448 0.5
1 1760 448 0.5
1 1776 448 0.5
1 1792 448 0.5
1 1808 448 0.5
1 1824 448 0.5
1 1840 448 0.5
1 1856 448 0.5
1 1872 448 0.5
1 1888 448 0.5
1 1904 448 0.5
1 1920 448 0.5
1 1936 448 0.5
1 1952 448 0.5
1 1968 448 0.5
1 1984 448 0.5
1 2000 448 0.5
1 2016 448 0.5
1 2032 448 0.5
1 2048 448 0.5
1 2064 448 0.5
1 2080 448 0.5
1 2096 448 0.5
1 2112 448 0.5
1 2128 448 0.5
1 2144 448 0.5
1 2160 448 0.5
1 2176 448 0.5
1 2192 448 0.5
1 2208 448 0.5
1 2224 448 0.5
1 2240 448 0.5
1 2256 448 0.5
1 2272 448 0.5
1 2288 448 0.5
1 2304 448 0.5
1 2320 448 0.5
1 2336 448 0.5
1 2352 448 0.5
1 2368 448 0.5
1 2384 448 0.5
1 2400 448 0.5
1 2416 448 0.5
1 2432 448 0.5


1 2480 448 0.5
1 2496 448 0.5
1 2512 448 0.5
1 2528 448 0.5
1 2544 448 0.5
1 2560 448 0.5
1 2576 448 0.5
1 2592 448 0.5
1 2608 448 0.5
1 2624 448 0.5
1 2640 448 0.5
1 2656 448 0.5
1 2672 448 0.5
1 2688 448 0.5
1 2704 448 0.5
1 2720 448 0.5
1 2736 448 0.5
1 2752 448 0.5
1 2768 448 0.5
1 2784 448 0.5
1 2800 448 0.5
1 2816 448 0.5
1 2832 448 0.5
1 2848 448 0.5
1 2864 448 0.5
1 2880 448 0.5
1 2896 448 0.5
1 2912 448 0.5
1 2928 448 0.5
1 2944 448 0.5
1 2960 448 0.5
1 2976 448 0.5
1 2992 448 0.5
1 3008 448 0.5
1 3024 448 0.5
1 3040 448 0.5
1 3056 448 0.5
1 3072 448 0.5
1 3088 448 0.5
1 3104 448 0.5
1 3120 448 0.5
1 3136 448 0.5
1 3152 448 0.5
1 3168 448 0.5
1 3184 448 0.5
1 3200 448 0.5
1 3216 448 0.5
1 3232 448 0.5
1 3248 448 0.5
1 3264 448 0.5
1 3280 448 0.5
1 3296 448 0.5
1 3312 448 0.5
1 3328 448 0.5
1 3344 448 0.5
1 3360 448 0.5

# --- Staircase ---
1 2144 432 0.5
1 2160 432 0.5
1 2176 432 0.5
1 2192 432 0.5
1 2160 416 0.5
1 2176 416 0.5
1 2192 416 0.5
1 2176 400 0.5
1 2192 400 0.5
1 2192 384 0.5
1 2288 432 0.5
1 2240 432 0.5
1 2256 432 0.5
1 2272 432 0.5
1 2240 416 0.5
1 2256 416 0.5
1 2272 416 0.5
1 2240 400 0.5
1 2256 400 0.5
1 2240 384 0.5
1 2368 432 0.5
1 2384 432 0.5
1 2400 432 0.5
1 2416 432 0.5
1 2432 432 0.5
1 2384 416 0.5
1 2400 416 0.5
1 2416 416 0.5
1 2432 416 0.5
1 2400 400 0.5
1 2416 400 0.5
1 2432 400 0.5
1 2416 384 0.5
1 2432 384 0.5
1 2480 416 0.5
1 2496 432 0.5
1 2512 432 0.5
1 2528 432 0.5
1 2480 416 0.5
1 2496 416 0.5
1 2512 416 0.5
1 2480 400 0.5
1 2496 400 0.5
1 2480 384 0.5
1 2896 432 0.5
1 2912 432 0.5
1 2928 432 0.5
1 2944 432 0.5
1 2960 432 0.5
1 2976 432 0.5
1 2992 432 0.5
1 3008 432 0.5
1 3024 432 0.5
1 2912 416 0.5
1 2928 416 0.5
1 2944 416 0.5
1 2960 416 0.5
1 2976 416 0.5
1 2992 416 0.5
1 3008 416 0.5
1 3024 416 0.5
1 2928 400 0.5
1 2944 400 0.5
1 2960 400 0.5
1 2976 400 0.5
1 2992 400 0.5
1 3008 400 0.5
1 3024 400 0.5
1 2944 384 0.5
1 2960 384 0.5
1 2976 384 0.5
1 2992 384 0.5
1 3008 384 0.5
1 3024 384 0.5
1 2960 368 0.5
1 2976 368 0.5
1 2992 368 0.5
1 3008 368 0.5
1 3024 368 0.5
1 2976 352 0.5
1 2992 352 0.5
1 3008 352 0.5
1 3024 352 0.5
1 2992 336 0.5
1 3008 336 0.5
1 3024 336 0.5
1 3008 320 0.5
1 3024 320 0.5
1 3168 432 0.5
