[ASSETS]
brick.txt
mario.txt
bullet.txt
misc.txt
enemies.txt

[OBJECTS]
# ============================================================
# WORLD 1-3 (Treetop platforms)  282x240  tile=16
# No continuous ground - Mario jumps between islands
# animId: 100=ground, 101=?block, 103=platform brick
# ============================================================

# MARIO SPAWN
0  48  170

# Start ground section
1  0  200  100
1  0  216  100
1  16  200  100
1  16  216  100
1  32  200  100
1  32  216  100
1  48  200  100
1  48  216  100
1  64  200  100
1  64  216  100
1  80  200  100
1  80  216  100
1  96  200  100
1  96  216  100
1  112  200  100
1  112  216  100
1  128  200  100
1  128  216  100
1  144  200  100
1  144  216  100
1  160  200  100
1  160  216  100
1  176  200  100
1  176  216  100
1  192  200  100
1  192  216  100
1  208  200  100
1  208  216  100

# ---- ISLAND PLATFORMS ----

# Island 1: x=224, y=176 (4 wide, 2 tall)
1  224  176  103
1  240  176  103
1  256  176  103
1  272  176  103
1  224  192  103
1  240  192  103
1  256  192  103
1  272  192  103

# Island 2: x=352, y=160 (4 wide, 2 tall)
1  352  160  103
1  368  160  103
1  384  160  103
1  400  160  103
1  352  176  103
1  368  176  103
1  384  176  103
1  400  176  103

# Island 3: x=448, y=160 (2 wide, 2 tall)
1  448  160  103
1  464  160  103
1  448  176  103
1  464  176  103

# Island 4: x=496, y=144 (6 wide, 3 tall) - taller island
1  496  144  103
1  512  144  103
1  528  144  103
1  544  144  103
1  560  144  103
1  576  144  103
1  496  160  103
1  512  160  103
1  528  160  103
1  544  160  103
1  560  160  103
1  576  160  103
1  496  176  103
1  512  176  103
1  528  176  103
1  544  176  103
1  560  176  103
1  576  176  103

# Island 5: x=608, y=160 (2 wide, 2 tall)
1  608  160  103
1  624  160  103
1  608  176  103
1  624  176  103

# Island 6: x=640, y=160 (4 wide, 2 tall)
1  640  160  103
1  656  160  103
1  672  160  103
1  688  160  103
1  640  176  103
1  656  176  103
1  672  176  103
1  688  176  103
1  656  128  101

# Island 7: x=736, y=160 (3 wide, 2 tall)
1  736  160  103
1  752  160  103
1  768  160  103
1  736  176  103
1  752  176  103
1  768  176  103

# Island 8: x=800, y=160 (2 wide, 2 tall)
1  800  160  103
1  816  160  103
1  800  176  103
1  816  176  103

# Island 9: x=848, y=144 (8 wide, 4 tall) - big island
1  848  144  103
1  864  144  103
1  880  144  103
1  896  144  103
1  912  144  103
1  928  144  103
1  944  144  103
1  960  144  103
1  848  160  103
1  864  160  103
1  880  160  103
1  896  160  103
1  912  160  103
1  928  160  103
1  944  160  103
1  960  160  103
1  848  176  103
1  864  176  103
1  880  176  103
1  896  176  103
1  912  176  103
1  928  176  103
1  944  176  103
1  960  176  103
1  848  192  103
1  864  192  103
1  880  192  103
1  896  192  103
1  912  192  103
1  928  192  103
1  944  192  103
1  960  192  103

# Island 10: x=1008, y=176 (2 wide, 2 tall)
1  1008  176  103
1  1024  176  103
1  1008  192  103
1  1024  192  103

# Island 11: x=1056, y=176 (2 wide, 2 tall)
1  1056  176  103
1  1072  176  103
1  1056  192  103
1  1072  192  103

# Island 12: x=1104, y=176 (3 wide, 2 tall)
1  1104  176  103
1  1120  176  103
1  1136  176  103
1  1104  192  103
1  1120  192  103
1  1136  192  103

# Static lift platform 1 (x=1168, y=160)
1  1168  160  103
1  1184  160  103

# Static lift platform 2 (x=1216, y=160)
1  1216  160  103
1  1232  160  103

# Island 13: x=1264, y=144 (8 wide, 4 tall) - wide tall island
1  1264  144  103
1  1280  144  103
1  1296  144  103
1  1312  144  103
1  1328  144  103
1  1344  144  103
1  1360  144  103
1  1376  144  103
1  1264  160  103
1  1280  160  103
1  1296  160  103
1  1312  160  103
1  1328  160  103
1  1344  160  103
1  1360  160  103
1  1376  160  103
1  1264  176  103
1  1280  176  103
1  1296  176  103
1  1312  176  103
1  1328  176  103
1  1344  176  103
1  1360  176  103
1  1376  176  103
1  1264  192  103
1  1280  192  103
1  1296  192  103
1  1312  192  103
1  1328  192  103
1  1344  192  103
1  1360  192  103
1  1376  192  103

# Island 14: x=1456, y=176 (2 wide, 2 tall)
1  1456  176  103
1  1472  176  103
1  1456  192  103
1  1472  192  103

# Island 15: x=1504, y=176 (2 wide, 2 tall)
1  1504  176  103
1  1520  176  103
1  1504  192  103
1  1520  192  103

# Island 16: x=1552, y=160 (4 wide, 3 tall)
1  1552  160  103
1  1568  160  103
1  1584  160  103
1  1600  160  103
1  1552  176  103
1  1568  176  103
1  1584  176  103
1  1600  176  103
1  1552  192  103
1  1568  192  103
1  1584  192  103
1  1600  192  103

# Island 17: x=1648, y=144 (4 wide, 4 tall)
1  1648  144  103
1  1664  144  103
1  1680  144  103
1  1696  144  103
1  1648  160  103
1  1664  160  103
1  1680  160  103
1  1696  160  103
1  1648  176  103
1  1664  176  103
1  1680  176  103
1  1696  176  103
1  1648  192  103
1  1664  192  103
1  1680  192  103
1  1696  192  103

# Stone bridge to flagpole: x=1744, y=160 (4 wide, 3 tall)
1  1744  160  103
1  1760  160  103
1  1776  160  103
1  1792  160  103
1  1744  176  103
1  1760  176  103
1  1776  176  103
1  1792  176  103
1  1744  192  103
1  1760  192  103
1  1776  192  103
1  1792  192  103

# Staircase (8 steps)
1  1872  184  100
1  1888  168  100
1  1888  184  100
1  1904  152  100
1  1904  168  100
1  1904  184  100
1  1920  136  100
1  1920  152  100
1  1920  168  100
1  1920  184  100
1  1936  120  100
1  1936  136  100
1  1936  152  100
1  1936  168  100
1  1936  184  100
1  1952  104  100
1  1952  120  100
1  1952  136  100
1  1952  152  100
1  1952  168  100
1  1952  184  100
1  1968  88  100
1  1968  104  100
1  1968  120  100
1  1968  136  100
1  1968  152  100
1  1968  168  100
1  1968  184  100
1  1984  72  100
1  1984  88  100
1  1984  104  100
1  1984  120  100
1  1984  136  100
1  1984  152  100
1  1984  168  100
1  1984  184  100
1  1872  200  100
1  1872  216  100
1  1888  200  100
1  1888  216  100
1  1904  200  100
1  1904  216  100
1  1920  200  100
1  1920  216  100
1  1936  200  100
1  1936  216  100
1  1952  200  100
1  1952  216  100
1  1968  200  100
1  1968  216  100
1  1984  200  100
1  1984  216  100
1  2000  200  100
1  2000  216  100
1  2016  200  100
1  2016  216  100
1  2032  200  100
1  2032  216  100
1  2048  200  100
1  2048  216  100

# PORTAL - end of level
50  2016  64  32  136  103