[ASSETS]
brick.txt
mario.txt
bullet.txt
misc.txt
pipes.txt

[OBJECTS]
# ============================================================
# WORLD 1-2  Underground  |  282x240  |  tile=16px
# Ground: y=200,216   Ceiling: y=0,16 (underground only)
# animId: 100=ground/brick, 101=?block, 103=float brick
#   110/111=pipe cap L/R, 112/113=pipe body L/R
# ============================================================

# MARIO SPAWN
0  48  170

# === CEILING (y=0 and y=16, underground section only) ===
1  0  0  100
1  16  0  100
1  32  0  100
1  48  0  100
1  64  0  100
1  80  0  100
1  96  0  100
1  112  0  100
1  128  0  100
1  144  0  100
1  160  0  100
1  176  0  100
1  192  0  100
1  208  0  100
1  224  0  100
1  240  0  100
1  256  0  100
1  272  0  100
1  288  0  100
1  304  0  100
1  320  0  100
1  336  0  100
1  352  0  100
1  368  0  100
1  384  0  100
1  400  0  100
1  416  0  100
1  432  0  100
1  448  0  100
1  464  0  100
1  480  0  100
1  496  0  100
1  512  0  100
1  528  0  100
1  544  0  100
1  560  0  100
1  576  0  100
1  592  0  100
1  608  0  100
1  624  0  100
1  640  0  100
1  656  0  100
1  672  0  100
1  688  0  100
1  704  0  100
1  720  0  100
1  736  0  100
1  752  0  100
1  768  0  100
1  784  0  100
1  800  0  100
1  816  0  100
1  832  0  100
1  848  0  100
1  864  0  100
1  880  0  100
1  896  0  100
1  912  0  100
1  928  0  100
1  944  0  100
1  960  0  100
1  976  0  100
1  992  0  100
1  1008  0  100
1  1024  0  100
1  1040  0  100
1  1056  0  100
1  1072  0  100
1  1088  0  100
1  1104  0  100
1  1120  0  100
1  1136  0  100
1  1152  0  100
1  1168  0  100
1  1184  0  100
1  1200  0  100
1  1216  0  100
1  1232  0  100
1  1248  0  100
1  1264  0  100
1  1280  0  100
1  1296  0  100
1  1312  0  100
1  1328  0  100
1  1344  0  100
1  1360  0  100
1  1376  0  100
1  1392  0  100
1  1408  0  100
1  1424  0  100
1  1440  0  100
1  1456  0  100
1  1472  0  100
1  1488  0  100
1  1504  0  100
1  1520  0  100
1  1536  0  100
1  1552  0  100
1  1568  0  100
1  1584  0  100
1  1600  0  100
1  1616  0  100
1  1632  0  100
1  1648  0  100
1  1664  0  100
1  1680  0  100
1  1696  0  100
1  1712  0  100
1  1728  0  100
1  1744  0  100
1  1760  0  100
1  1776  0  100
1  1792  0  100
1  1808  0  100
1  1824  0  100
1  1840  0  100
1  1856  0  100
1  1872  0  100
1  1888  0  100
1  1904  0  100
1  1920  0  100
1  1936  0  100
1  1952  0  100
1  1968  0  100
1  1984  0  100
1  2000  0  100
1  2016  0  100
1  2032  0  100
1  0  16  100
1  16  16  100
1  32  16  100
1  48  16  100
1  64  16  100
1  80  16  100
1  96  16  100
1  112  16  100
1  128  16  100
1  144  16  100
1  160  16  100
1  176  16  100
1  192  16  100
1  208  16  100
1  224  16  100
1  240  16  100
1  256  16  100
1  272  16  100
1  288  16  100
1  304  16  100
1  320  16  100
1  336  16  100
1  352  16  100
1  368  16  100
1  384  16  100
1  400  16  100
1  416  16  100
1  432  16  100
1  448  16  100
1  464  16  100
1  480  16  100
1  496  16  100
1  512  16  100
1  528  16  100
1  544  16  100
1  560  16  100
1  576  16  100
1  592  16  100
1  608  16  100
1  624  16  100
1  640  16  100
1  656  16  100
1  672  16  100
1  688  16  100
1  704  16  100
1  720  16  100
1  736  16  100
1  752  16  100
1  768  16  100
1  784  16  100
1  800  16  100
1  816  16  100
1  832  16  100
1  848  16  100
1  864  16  100
1  880  16  100
1  896  16  100
1  912  16  100
1  928  16  100
1  944  16  100
1  960  16  100
1  976  16  100
1  992  16  100
1  1008  16  100
1  1024  16  100
1  1040  16  100
1  1056  16  100
1  1072  16  100
1  1088  16  100
1  1104  16  100
1  1120  16  100
1  1136  16  100
1  1152  16  100
1  1168  16  100
1  1184  16  100
1  1200  16  100
1  1216  16  100
1  1232  16  100
1  1248  16  100
1  1264  16  100
1  1280  16  100
1  1296  16  100
1  1312  16  100
1  1328  16  100
1  1344  16  100
1  1360  16  100
1  1376  16  100
1  1392  16  100
1  1408  16  100
1  1424  16  100
1  1440  16  100
1  1456  16  100
1  1472  16  100
1  1488  16  100
1  1504  16  100
1  1520  16  100
1  1536  16  100
1  1552  16  100
1  1568  16  100
1  1584  16  100
1  1600  16  100
1  1616  16  100
1  1632  16  100
1  1648  16  100
1  1664  16  100
1  1680  16  100
1  1696  16  100
1  1712  16  100
1  1728  16  100
1  1744  16  100
1  1760  16  100
1  1776  16  100
1  1792  16  100
1  1808  16  100
1  1824  16  100
1  1840  16  100
1  1856  16  100
1  1872  16  100
1  1888  16  100
1  1904  16  100
1  1920  16  100
1  1936  16  100
1  1952  16  100
1  1968  16  100
1  1984  16  100
1  2000  16  100
1  2016  16  100
1  2032  16  100

# === GROUND (y=200 and y=216, full width) ===
1  0  200  100
1  16  200  100
1  32  200  100
1  48  200  100
1  64  200  100
1  80  200  100
1  96  200  100
1  112  200  100
1  128  200  100
1  144  200  100
1  160  200  100
1  176  200  100
1  192  200  100
1  208  200  100
1  224  200  100
1  240  200  100
1  256  200  100
1  272  200  100
1  288  200  100
1  304  200  100
1  320  200  100
1  336  200  100
1  352  200  100
1  368  200  100
1  384  200  100
1  400  200  100
1  416  200  100
1  432  200  100
1  448  200  100
1  464  200  100
1  480  200  100
1  496  200  100
1  512  200  100
1  528  200  100
1  544  200  100
1  560  200  100
1  576  200  100
1  592  200  100
1  608  200  100
1  624  200  100
1  640  200  100
1  656  200  100
1  672  200  100
1  688  200  100
1  704  200  100
1  720  200  100
1  736  200  100
1  752  200  100
1  768  200  100
1  784  200  100
1  800  200  100
1  816  200  100
1  832  200  100
1  848  200  100
1  864  200  100
1  880  200  100
1  896  200  100
1  912  200  100
1  928  200  100
1  944  200  100
1  960  200  100
1  976  200  100
1  992  200  100
1  1008  200  100
1  1024  200  100
1  1040  200  100
1  1056  200  100
1  1072  200  100
1  1088  200  100
1  1104  200  100
1  1120  200  100
1  1136  200  100
1  1152  200  100
1  1168  200  100
1  1184  200  100
1  1200  200  100
1  1216  200  100
1  1232  200  100
1  1248  200  100
1  1264  200  100
1  1280  200  100
1  1296  200  100
1  1312  200  100
1  1328  200  100
1  1344  200  100
1  1360  200  100
1  1376  200  100
1  1392  200  100
1  1408  200  100
1  1424  200  100
1  1440  200  100
1  1456  200  100
1  1472  200  100
1  1488  200  100
1  1504  200  100
1  1520  200  100
1  1536  200  100
1  1552  200  100
1  1568  200  100
1  1584  200  100
1  1600  200  100
1  1616  200  100
1  1632  200  100
1  1648  200  100
1  1664  200  100
1  1680  200  100
1  1696  200  100
1  1712  200  100
1  1728  200  100
1  1744  200  100
1  1760  200  100
1  1776  200  100
1  1792  200  100
1  1808  200  100
1  1824  200  100
1  1840  200  100
1  1856  200  100
1  1872  200  100
1  1888  200  100
1  1904  200  100
1  1920  200  100
1  1936  200  100
1  1952  200  100
1  1968  200  100
1  1984  200  100
1  2000  200  100
1  2016  200  100
1  2032  200  100
1  2048  200  100
1  2064  200  100
1  2080  200  100
1  2096  200  100
1  2112  200  100
1  2128  200  100
1  2144  200  100
1  2160  200  100
1  2176  200  100
1  2192  200  100
1  2208  200  100
1  2224  200  100
1  2240  200  100
1  2256  200  100
1  2272  200  100
1  2288  200  100
1  2304  200  100
1  2320  200  100
1  2336  200  100
1  2352  200  100
1  2368  200  100
1  2384  200  100
1  2400  200  100
1  2416  200  100
1  2432  200  100
1  2448  200  100
1  2464  200  100
1  2480  200  100
1  2496  200  100
1  2512  200  100
1  2528  200  100
1  2544  200  100
1  2560  200  100
1  2576  200  100
1  2592  200  100
1  2608  200  100
1  2624  200  100
1  2640  200  100
1  2656  200  100
1  2672  200  100
1  2688  200  100
1  2704  200  100
1  2720  200  100
1  2736  200  100
1  0  216  100
1  16  216  100
1  32  216  100
1  48  216  100
1  64  216  100
1  80  216  100
1  96  216  100
1  112  216  100
1  128  216  100
1  144  216  100
1  160  216  100
1  176  216  100
1  192  216  100
1  208  216  100
1  224  216  100
1  240  216  100
1  256  216  100
1  272  216  100
1  288  216  100
1  304  216  100
1  320  216  100
1  336  216  100
1  352  216  100
1  368  216  100
1  384  216  100
1  400  216  100
1  416  216  100
1  432  216  100
1  448  216  100
1  464  216  100
1  480  216  100
1  496  216  100
1  512  216  100
1  528  216  100
1  544  216  100
1  560  216  100
1  576  216  100
1  592  216  100
1  608  216  100
1  624  216  100
1  640  216  100
1  656  216  100
1  672  216  100
1  688  216  100
1  704  216  100
1  720  216  100
1  736  216  100
1  752  216  100
1  768  216  100
1  784  216  100
1  800  216  100
1  816  216  100
1  832  216  100
1  848  216  100
1  864  216  100
1  880  216  100
1  896  216  100
1  912  216  100
1  928  216  100
1  944  216  100
1  960  216  100
1  976  216  100
1  992  216  100
1  1008  216  100
1  1024  216  100
1  1040  216  100
1  1056  216  100
1  1072  216  100
1  1088  216  100
1  1104  216  100
1  1120  216  100
1  1136  216  100
1  1152  216  100
1  1168  216  100
1  1184  216  100
1  1200  216  100
1  1216  216  100
1  1232  216  100
1  1248  216  100
1  1264  216  100
1  1280  216  100
1  1296  216  100
1  1312  216  100
1  1328  216  100
1  1344  216  100
1  1360  216  100
1  1376  216  100
1  1392  216  100
1  1408  216  100
1  1424  216  100
1  1440  216  100
1  1456  216  100
1  1472  216  100
1  1488  216  100
1  1504  216  100
1  1520  216  100
1  1536  216  100
1  1552  216  100
1  1568  216  100
1  1584  216  100
1  1600  216  100
1  1616  216  100
1  1632  216  100
1  1648  216  100
1  1664  216  100
1  1680  216  100
1  1696  216  100
1  1712  216  100
1  1728  216  100
1  1744  216  100
1  1760  216  100
1  1776  216  100
1  1792  216  100
1  1808  216  100
1  1824  216  100
1  1840  216  100
1  1856  216  100
1  1872  216  100
1  1888  216  100
1  1904  216  100
1  1920  216  100
1  1936  216  100
1  1952  216  100
1  1968  216  100
1  1984  216  100
1  2000  216  100
1  2016  216  100
1  2032  216  100
1  2048  216  100
1  2064  216  100
1  2080  216  100
1  2096  216  100
1  2112  216  100
1  2128  216  100
1  2144  216  100
1  2160  216  100
1  2176  216  100
1  2192  216  100
1  2208  216  100
1  2224  216  100
1  2240  216  100
1  2256  216  100
1  2272  216  100
1  2288  216  100
1  2304  216  100
1  2320  216  100
1  2336  216  100
1  2352  216  100
1  2368  216  100
1  2384  216  100
1  2400  216  100
1  2416  216  100
1  2432  216  100
1  2448  216  100
1  2464  216  100
1  2480  216  100
1  2496  216  100
1  2512  216  100
1  2528  216  100
1  2544  216  100
1  2560  216  100
1  2576  216  100
1  2592  216  100
1  2608  216  100
1  2624  216  100
1  2640  216  100
1  2656  216  100
1  2672  216  100
1  2688  216  100
1  2704  216  100
1  2720  216  100
1  2736  216  100

# === ENTRY LEFT WALL (pipe coming in from left) ===
1  0   32  112
1  16  32  113
1  0   48  112
1  16  48  113
1  0   64  112
1  16  64  113
1  0   80  112
1  16  80  113
1  0   96  112
1  16  96  113
1  0   112  112
1  16  112  113
1  0   128  112
1  16  128  113
1  0   144  112
1  16  144  113
1  0   160  112
1  16  160  113
1  0   176  112
1  16  176  113
1  0   192  112
1  16  192  113

# === 5 ? BLOCKS at start (y=136) ===
1  160  136  101
1  192  136  101
1  224  136  101
1  256  136  101
1  288  136  101

# === BRICK TOWER near start ===
1  352  120  103
1  368  120  103
1  352  136  103
1  368  136  103
1  352  152  103
1  368  152  103

# === SECTION 2: First corridor ===
# Upper brick row (y=80, x=416-800)
1  416  80  103
1  432  80  103
1  448  80  103
1  464  80  103
1  480  80  103
1  496  80  103
1  512  80  103
1  528  80  103
1  544  80  103
1  560  80  103
1  576  80  103
1  592  80  103
1  608  80  103
1  624  80  103
1  640  80  103
1  656  80  103
1  672  80  103
1  688  80  103
1  704  80  103
1  720  80  103
1  736  80  103
1  752  80  103
1  768  80  103
1  784  80  103
1  800  80  103

# Lower brick row (y=136, x=416-528)
1  416  136  103
1  432  136  103
1  448  136  103
1  464  136  103
1  480  136  103
1  496  136  103
1  512  136  103
1  528  136  103

# Gap x=544-560 (player passage)

# Lower brick row continues (y=136, x=576-800)
1  576  136  103
1  592  136  103
1  608  136  103
1  624  136  103
1  640  136  103
1  656  136  103
1  672  136  103
1  688  136  103
1  704  136  103
1  720  136  103
1  736  136  103
1  752  136  103
1  768  136  103
1  784  136  103
1  800  136  103

# === SECTION 3: Second corridor ===
# Upper brick row (y=80, x=800-1200)
1  800  80  103
1  816  80  103
1  832  80  103
1  848  80  103
1  864  80  103
1  880  80  103
1  896  80  103
1  912  80  103
1  928  80  103
1  944  80  103
1  960  80  103
1  976  80  103
1  992  80  103
1  1008  80  103
1  1024  80  103
1  1040  80  103
1  1056  80  103
1  1072  80  103
1  1088  80  103
1  1104  80  103
1  1120  80  103
1  1136  80  103
1  1152  80  103
1  1168  80  103
1  1184  80  103
1  1200  80  103

# Lower brick row (y=136, x=800-1200)
1  800  136  103
1  816  136  103
1  832  136  103
1  848  136  103
1  864  136  103
1  880  136  103
1  896  136  103
1  912  136  103
1  928  136  103
1  944  136  103
1  960  136  101
1  976  136  103
1  992  136  103
1  1008  136  103
1  1024  136  103
1  1040  136  103
1  1056  136  103
1  1072  136  103
1  1088  136  103
1  1104  136  103
1  1120  136  103
1  1136  136  103
1  1152  136  103
1  1168  136  103
1  1184  136  103
1  1200  136  103

# === SECTION 4: Lift area ===
# Upper bricks (y=80, x=1200-1440)
1  1200  80  103
1  1216  80  103
1  1232  80  103
1  1248  80  103
1  1264  80  103
1  1280  80  103
1  1296  80  103
1  1312  80  103
1  1328  80  103
1  1344  80  103
1  1360  80  103
1  1376  80  103
1  1392  80  103
1  1408  80  103
1  1424  80  103
1  1440  80  103

# Static mid-platform (y=152, x=1232-1392) — replaces moving lifts
1  1232  152  103
1  1248  152  103
1  1264  152  103
1  1280  152  103
1  1296  152  103
1  1312  152  103
1  1328  152  103
1  1344  152  103
1  1360  152  103
1  1376  152  103
1  1392  152  103

# ? block above platform (y=136, x=1360)
1  1360  136  101

# Upper bricks continue (y=80, x=1456-1600)
1  1456  80  103
1  1472  80  103
1  1488  80  103
1  1504  80  103
1  1520  80  103
1  1536  80  103
1  1552  80  103
1  1568  80  103
1  1584  80  103
1  1600  80  103

# === SECTION 5: Warp zone area ===
# Upper bricks (y=80, x=1600-1856)
1  1600  80  103
1  1616  80  103
1  1632  80  103
1  1648  80  103
1  1664  80  103
1  1680  80  103
1  1696  80  103
1  1712  80  103
1  1728  80  103
1  1744  80  103
1  1760  80  103
1  1776  80  103
1  1792  80  103
1  1808  80  103
1  1824  80  103
1  1840  80  103
1  1856  80  103

# 3 warp pipes (each 2 tiles wide, 2 tiles tall sitting on ground)
# Pipe at x=1648
1  1648     168   110
1  1664  168   111
1  1648     184  112
1  1664  184  113
# Pipe at x=1712
1  1712     168   110
1  1728  168   111
1  1712     184  112
1  1728  184  113
# Pipe at x=1776
1  1776     168   110
1  1792  168   111
1  1776     184  112
1  1792  184  113

# === SECTION 6: Exit pipe (leads back to overworld) ===
1  1904  168   110
1  1920  168   111
1  1904  184  112
1  1920  184  113

# === SECTION 7: Post-exit open area (no ceiling, sky visible) ===

# ? blocks (y=136, x=2128-2160)
1  2128  136  101
1  2144  136  101
1  2160  136  101

# Extra bricks flanking the ? blocks
1  2112  136  103
1  2176  136  103

# Pipe at x=2256, 3 tiles tall
1  2256     152  110
1  2272  152  111
1  2256     168  112
1  2272  168  113
1  2256     184  112
1  2272  184  113

# === STAIRCASE (8 steps) ===
1  2544  184  100
1  2560  168  100
1  2560  184  100
1  2576  152  100
1  2576  168  100
1  2576  184  100
1  2592  136  100
1  2592  152  100
1  2592  168  100
1  2592  184  100
1  2608  120  100
1  2608  136  100
1  2608  152  100
1  2608  168  100
1  2608  184  100
1  2624  104  100
1  2624  120  100
1  2624  136  100
1  2624  152  100
1  2624  168  100
1  2624  184  100
1  2640  88  100
1  2640  104  100
1  2640  120  100
1  2640  136  100
1  2640  152  100
1  2640  168  100
1  2640  184  100
1  2656  72  100
1  2656  88  100
1  2656  104  100
1  2656  120  100
1  2656  136  100
1  2656  152  100
1  2656  168  100
1  2656  184  100

# === PORTAL (end of level) ===
# Format: 50  x  y  width  height  scene_id
50  2704  64  32  136  102