[ASSETS]
brick.txt
mario.txt
bullet.txt
misc.txt
pipes.txt

[OBJECTS]
# World 1-1  |  282x240  |  tile=16px
# animId key: 100=ground, 101=?block, 103=float brick,
#   110/111=pipe cap L/R, 112/113=pipe body L/R
#   120/121/122=cloud L/M/R (non-blocking, 16x64)

# MARIO SPAWN
0  48  170

# === GROUND ===
1  0  200  100
1  16  200  100
1  32  200  100
1  48  200  100
1  64  200  100
1  80  200  100
1  96  200  100
1  128  200  100
1  144  200  100
1  160  200  100
1  176  200  100
1  192  200  100
1  208  200  100
1  224  200  100
1  240  200  100
1  256  200  100
1  272  200  100
1  288  200  100
1  304  200  100
1  320  200  100
1  336  200  100
1  352  200  100
1  368  200  100
1  384  200  100
1  400  200  100
1  416  200  100
1  432  200  100
1  448  200  100
1  464  200  100
1  480  200  100
1  496  200  100
1  512  200  100
1  528  200  100
1  544  200  100
1  560  200  100
1  576  200  100
1  592  200  100
1  608  200  100
1  624  200  100
1  640  200  100
1  656  200  100
1  672  200  100
1  688  200  100
1  704  200  100
1  720  200  100
1  736  200  100
1  752  200  100
1  768  200  100
1  784  200  100
1  800  200  100
1  816  200  100
1  832  200  100
1  848  200  100
1  864  200  100
1  880  200  100
1  896  200  100
1  912  200  100
1  928  200  100
1  944  200  100
1  960  200  100
1  976  200  100
1  992  200  100
1  1008  200  100
1  1024  200  100
1  1040  200  100
1  1056  200  100
1  1072  200  100
1  1088  200  100
1  1104  200  100
1  1120  200  100
1  1136  200  100
1  1152  200  100
1  1168  200  100
1  1184  200  100
1  1200  200  100
1  1216  200  100
1  1232  200  100
1  1248  200  100
1  1264  200  100
1  1280  200  100
1  1296  200  100
1  1312  200  100
1  1328  200  100
1  1344  200  100
1  1360  200  100
1  1376  200  100
1  1392  200  100
1  1408  200  100
1  1424  200  100
1  1440  200  100
1  1456  200  100
1  1472  200  100
1  1488  200  100
1  1504  200  100
1  1520  200  100
1  1536  200  100
1  1552  200  100
1  1568  200  100
1  1584  200  100
1  1600  200  100
1  1616  200  100
1  1632  200  100
1  1648  200  100
1  1664  200  100
1  1680  200  100
1  1696  200  100
1  1712  200  100
1  1728  200  100
1  1744  200  100
1  1760  200  100
1  1776  200  100
1  1792  200  100
1  1808  200  100
1  1824  200  100
1  1840  200  100
1  1856  200  100
1  1872  200  100
1  1888  200  100
1  1904  200  100
1  1920  200  100
1  1936  200  100
1  1952  200  100
1  1968  200  100
1  1984  200  100
1  2000  200  100
1  2016  200  100
1  2032  200  100
1  2048  200  100
1  2064  200  100
1  2080  200  100
1  2096  200  100
1  2112  200  100
1  2128  200  100
1  2144  200  100
1  2160  200  100
1  2176  200  100
1  2192  200  100
1  2208  200  100
1  2224  200  100
1  2240  200  100
1  2256  200  100
1  2272  200  100
1  2288  200  100
1  2304  200  100
1  2320  200  100
1  2336  200  100
1  2352  200  100
1  2368  200  100
1  2384  200  100
1  2400  200  100
1  2416  200  100
1  2432  200  100
1  2448  200  100
1  2464  200  100
1  2480  200  100
1  2496  200  100
1  2512  200  100
1  2528  200  100
1  2544  200  100
1  2560  200  100
1  2576  200  100
1  2592  200  100
1  2608  200  100
1  2624  200  100
1  2640  200  100
1  2656  200  100
1  2672  200  100
1  2752  200  100
1  2768  200  100
1  2784  200  100
1  2800  200  100
1  2816  200  100
1  2832  200  100
1  2848  200  100
1  2864  200  100
1  2880  200  100
1  2896  200  100
1  2976  200  100
1  2992  200  100
1  3008  200  100
1  3024  200  100
1  3040  200  100
1  3056  200  100
1  3136  200  100
1  3152  200  100
1  3168  200  100
1  3184  200  100
1  3200  200  100
1  3216  200  100
1  3232  200  100
1  3248  200  100
1  3264  200  100
1  3280  200  100
1  3296  200  100
1  3312  200  100
1  3328  200  100
1  3344  200  100
1  3360  200  100
1  3376  200  100
1  3392  200  100
1  0  216  100
1  16  216  100
1  32  216  100
1  48  216  100
1  64  216  100
1  80  216  100
1  96  216  100
1  128  216  100
1  144  216  100
1  160  216  100
1  176  216  100
1  192  216  100
1  208  216  100
1  224  216  100
1  240  216  100
1  256  216  100
1  272  216  100
1  288  216  100
1  304  216  100
1  320  216  100
1  336  216  100
1  352  216  100
1  368  216  100
1  384  216  100
1  400  216  100
1  416  216  100
1  432  216  100
1  448  216  100
1  464  216  100
1  480  216  100
1  496  216  100
1  512  216  100
1  528  216  100
1  544  216  100
1  560  216  100
1  576  216  100
1  592  216  100
1  608  216  100
1  624  216  100
1  640  216  100
1  656  216  100
1  672  216  100
1  688  216  100
1  704  216  100
1  720  216  100
1  736  216  100
1  752  216  100
1  768  216  100
1  784  216  100
1  800  216  100
1  816  216  100
1  832  216  100
1  848  216  100
1  864  216  100
1  880  216  100
1  896  216  100
1  912  216  100
1  928  216  100
1  944  216  100
1  960  216  100
1  976  216  100
1  992  216  100
1  1008  216  100
1  1024  216  100
1  1040  216  100
1  1056  216  100
1  1072  216  100
1  1088  216  100
1  1104  216  100
1  1120  216  100
1  1136  216  100
1  1152  216  100
1  1168  216  100
1  1184  216  100
1  1200  216  100
1  1216  216  100
1  1232  216  100
1  1248  216  100
1  1264  216  100
1  1280  216  100
1  1296  216  100
1  1312  216  100
1  1328  216  100
1  1344  216  100
1  1360  216  100
1  1376  216  100
1  1392  216  100
1  1408  216  100
1  1424  216  100
1  1440  216  100
1  1456  216  100
1  1472  216  100
1  1488  216  100
1  1504  216  100
1  1520  216  100
1  1536  216  100
1  1552  216  100
1  1568  216  100
1  1584  216  100
1  1600  216  100
1  1616  216  100
1  1632  216  100
1  1648  216  100
1  1664  216  100
1  1680  216  100
1  1696  216  100
1  1712  216  100
1  1728  216  100
1  1744  216  100
1  1760  216  100
1  1776  216  100
1  1792  216  100
1  1808  216  100
1  1824  216  100
1  1840  216  100
1  1856  216  100
1  1872  216  100
1  1888  216  100
1  1904  216  100
1  1920  216  100
1  1936  216  100
1  1952  216  100
1  1968  216  100
1  1984  216  100
1  2000  216  100
1  2016  216  100
1  2032  216  100
1  2048  216  100
1  2064  216  100
1  2080  216  100
1  2096  216  100
1  2112  216  100
1  2128  216  100
1  2144  216  100
1  2160  216  100
1  2176  216  100
1  2192  216  100
1  2208  216  100
1  2224  216  100
1  2240  216  100
1  2256  216  100
1  2272  216  100
1  2288  216  100
1  2304  216  100
1  2320  216  100
1  2336  216  100
1  2352  216  100
1  2368  216  100
1  2384  216  100
1  2400  216  100
1  2416  216  100
1  2432  216  100
1  2448  216  100
1  2464  216  100
1  2480  216  100
1  2496  216  100
1  2512  216  100
1  2528  216  100
1  2544  216  100
1  2560  216  100
1  2576  216  100
1  2592  216  100
1  2608  216  100
1  2624  216  100
1  2640  216  100
1  2656  216  100
1  2672  216  100
1  2752  216  100
1  2768  216  100
1  2784  216  100
1  2800  216  100
1  2816  216  100
1  2832  216  100
1  2848  216  100
1  2864  216  100
1  2880  216  100
1  2896  216  100
1  2976  216  100
1  2992  216  100
1  3008  216  100
1  3024  216  100
1  3040  216  100
1  3056  216  100
1  3136  216  100
1  3152  216  100
1  3168  216  100
1  3184  216  100
1  3200  216  100
1  3216  216  100
1  3232  216  100
1  3248  216  100
1  3264  216  100
1  3280  216  100
1  3296  216  100
1  3312  216  100
1  3328  216  100
1  3344  216  100
1  3360  216  100
1  3376  216  100
1  3392  216  100

# === PIPES ===
# Pipe 1 (x=448, 2 tiles tall)
1  448     176  112  16  24  1
1  464  176  113  16  24  1
1  448     153  110  16  23  1
1  464  153  111  16  23  1

# Pipe 2 (x=608, 3 tiles tall)
1  608     176  112  16  24  1
1  624  176  113  16  24  1
1  608     152  112  16  24  1
1  624  152  113  16  24  1
1  608     129  110  16  23  1
1  624  129  111  16  23  1

# Pipe 3 (x=896, 4 tiles tall)
1  896     176  112  16  24  1
1  912  176  113  16  24  1
1  896     152  112  16  24  1
1  912  152  113  16  24  1
1  896     128  112  16  24  1
1  912  128  113  16  24  1
1  896     105  110  16  23  1
1  912  105  111  16  23  1

# Pipe 4 (x=1072, 4 tiles tall)
1  1072     176  112  16  24  1
1  1088  176  113  16  24  1
1  1072     152  112  16  24  1
1  1088  152  113  16  24  1
1  1072     128  112  16  24  1
1  1088  128  113  16  24  1
1  1072     105  110  16  23  1
1  1088  105  111  16  23  1

# === FLOATING BRICK ROWS ===

# Row 1 (x=256-368, y=136): bricks + ? blocks
1  256  136  103
1  272  136  101
1  288  136  103
1  304  136  103
1  320  136  101
1  336  136  103
1  352  136  103

# Hidden block (y=88)
1  304  88  101

# Row 2 (x=736-800, y=136)
1  736  136  103
1  752  136  103
1  768  136  103
1  784  136  103

# Row 3 (x=1216-1360, y=136): long brick+? row
1  1216  136  103
1  1232  136  103
1  1248  136  103
1  1264  136  103
1  1280  136  103
1  1296  136  101
1  1312  136  103
1  1328  136  101
1  1344  136  103
1  1360  136  103

# Upper row above row 3 (y=88)
1  1296  88  103
1  1312  88  103
1  1328  88  103

# Row 4 (x=1600-1680, y=136)
1  1600  136  103
1  1616  136  103
1  1632  136  103
1  1648  136  101
1  1664  136  103
1  1680  136  103

# Row 5 (x=1808-1968, y=136)
1  1808  136  103
1  1824  136  103
1  1840  136  103
1  1856  136  103
1  1872  136  103
1  1888  136  103
1  1904  136  103
1  1920  136  103
1  1936  136  103
1  1952  136  103
1  1968  136  103

# === STAIRCASE ===
1  3136  184  100
1  3152  168  100
1  3152  184  100
1  3168  152  100
1  3168  168  100
1  3168  184  100
1  3184  136  100
1  3184  152  100
1  3184  168  100
1  3184  184  100
1  3200  120  100
1  3200  136  100
1  3200  152  100
1  3200  168  100
1  3200  184  100
1  3216  104  100
1  3216  120  100
1  3216  136  100
1  3216  152  100
1  3216  168  100
1  3216  184  100
1  3232  88  100
1  3232  104  100
1  3232  120  100
1  3232  136  100
1  3232  152  100
1  3232  168  100
1  3232  184  100
1  3248  72  100
1  3248  88  100
1  3248  104  100
1  3248  120  100
1  3248  136  100
1  3248  152  100
1  3248  168  100
1  3248  184  100

# === PORTAL (end of level, invisible trigger) ===
# Format: 50  x  y  width  height  scene_id
50  3296  64  32  136  101