[ASSETS]
brick.txt
mario.txt
bullet.txt

[OBJECTS]
# World 1-4 (Castle) - stub level
0  48  170

# Ground
1  0  200  100
1  0  216  100
1  16  200  100
1  16  216  100
1  32  200  100
1  32  216  100
1  48  200  100
1  48  216  100
1  64  200  100
1  64  216  100
1  80  200  100
1  80  216  100
1  96  200  100
1  96  216  100
1  112  200  100
1  112  216  100
1  128  200  100
1  128  216  100
1  144  200  100
1  144  216  100
1  160  200  100
1  160  216  100
1  176  200  100
1  176  216  100
1  192  200  100
1  192  216  100
1  208  200  100
1  208  216  100
1  224  200  100
1  224  216  100
1  240  200  100
1  240  216  100
1  256  200  100
1  256  216  100
1  272  200  100
1  272  216  100
1  288  200  100
1  288  216  100
1  304  200  100
1  304  216  100
1  320  200  100
1  320  216  100
1  336  200  100
1  336  216  100
1  352  200  100
1  352  216  100
1  368  200  100
1  368  216  100
1  384  200  100
1  384  216  100
1  400  200  100
1  400  216  100
1  416  200  100
1  416  216  100
1  432  200  100
1  432  216  100
1  448  200  100
1  448  216  100
1  464  200  100
1  464  216  100
1  480  200  100
1  480  216  100
1  496  200  100
1  496  216  100

# Ceiling
1  0  0  100
1  0  16  100
1  16  0  100
1  16  16  100
1  32  0  100
1  32  16  100
1  48  0  100
1  48  16  100
1  64  0  100
1  64  16  100
1  80  0  100
1  80  16  100
1  96  0  100
1  96  16  100
1  112  0  100
1  112  16  100
1  128  0  100
1  128  16  100
1  144  0  100
1  144  16  100
1  160  0  100
1  160  16  100
1  176  0  100
1  176  16  100
1  192  0  100
1  192  16  100
1  208  0  100
1  208  16  100
1  224  0  100
1  224  16  100
1  240  0  100
1  240  16  100
1  256  0  100
1  256  16  100
1  272  0  100
1  272  16  100
1  288  0  100
1  288  16  100
1  304  0  100
1  304  16  100
1  320  0  100
1  320  16  100
1  336  0  100
1  336  16  100
1  352  0  100
1  352  16  100
1  368  0  100
1  368  16  100
1  384  0  100
1  384  16  100
1  400  0  100
1  400  16  100
1  416  0  100
1  416  16  100
1  432  0  100
1  432  16  100
1  448  0  100
1  448  16  100
1  464  0  100
1  464  16  100
1  480  0  100
1  480  16  100
1  496  0  100
1  496  16  100