[SPRITES]
#####  BIG ###############
#IDLE
11121	246	154	260	181	1
11111	186	154	200	181	1

#WALKING RIGHT
11222	275	154	290	181	1
11223	304	154	321	181	1

#WALKING LEFT
11212	155	154	171	181	1
11213	125	154	141	181	1

#RUNNING RIGHT
11321	334	154	355	181	1
11322	334	154	355	181	1
11323	392	154	413	181	1

#RUNNING LEFT
11311	91	154	112	181	1
11312	65	154	86	181	1
11313	34	154	55	181	1

#JUMP WALK RIGHT
11417	395	275	412	302	1
11413	35	275	52	302	1

#JUMP RUN RIGHT & LEFT
11427	394	195	413	222	1
11423	35	195	52	222	1

#SIT RIGHT & LEFT 
11521	426	239	441	256	1
11511	5	239	20	256	1

#BRACE RIGHT & LEFT 
11621	425	154	442	181	1
11611	5	154	22	181	1

#SKID LEFT & RIGHT
11711	4	154	25	181	1
11712	422	154	443	181	1

#DIE
13001	215	120	234	137	1

############ SMALL ################
 #IDLE
12121	247	0	261	16	1
12111	187	0	201	16	1

############ SMALL ################

#WALK RIGHT
12222    275    0    	293    16    1
12223    306    0    	322    16    1
12224    337    0    	353    16    1

#WALK LEFT
12212    155    0    	171    16    1
12213    125    0    	141    16    1
12214    95     0    	111    16    1

#RUN RIGHT
12321    366    0    	384    16    1
12322    397    0    	415    16    1

#RUN LEFT
12311    65     0    	81     16    1
12312  	 35     0    	51     16    1

#BRACE RIGHT & LEFT
12511	6	0	20	16	1
12521	426	0	440	16	1

#JUMP WALK RIGHT & LEFT 
12413	35	80	51	96	1
12417	395	80	411	96	1

#JUMP RUN RIGHT & LEFT 
12423	65	40	81	56	1
12427	365	40	381	56	1

#SKID LEFT & RIGHT
12611	5	0	31	16	1
12612	424	0	445	16	1


############ FIRE ################
#IDLE
13121	246	394	260	421	1
13111	186	394	200	421	1

#WALK RIGHT
13222	275	394	292	421	1
13223	304	394	323	421	1

#WALK LEFT
13212	155	394	173	421	1
13213	125	394	143	421	1

#JUMP WALK RIGHT & LEFT
13417	395	515	412	542	1
13413	35	515	52	542	1

# --- Các pose dưới đây cắt theo Big Mario (X giữ nguyên, Y +240). Hiện MarioFireRender ---
# --- chưa gọi tới, để sẵn cho khi mở rộng render giống Big Mario ---
#RUNNING RIGHT
13321	334	394	355	421	1
13322	334	394	355	421	1
13323	392	394	413	421	1

#RUNNING LEFT
13311	91	394	112	421	1
13312	65	394	86	421	1
13313	34	394	55	421	1

#JUMP RUN RIGHT & LEFT
13427	394	435	413	462	1
13423	35	435	52	462	1

#SIT RIGHT & LEFT
13521	426	479	441	496	1
13511	5	479	20	496	1

#BRACE RIGHT & LEFT
13621	425	394	442	421	1
13611	5	394	22	421	1

#SKID LEFT & RIGHT
13711	3	394	24	421	1
13712	422	394	452	421	1

############ FROG ################
#IDLE
14121	274	996	292	1023	1
14111	154	996	172	1023	1

#HOP RIGHT
14222	304	996	322	1023	1
14223	334	996	352	1023	1

#HOP LEFT
14212	124	996	142	1023	1
14213	94	996	112	1023	1

#JUMP RIGHT & LEFT
14417	395	920	426	940	1
14413	0	920	30	940	1

# ani_id	sprite1_id	time1	sprite2_id	time2	...
[ANIMATIONS]
400	11121	100
401	11111	100

#WALKING RIGHT & LEFT 
500	11121	100	11222	100	11223	100
501	11111	100	11212	100	11213	100

#RUNNING RIGHT & LEFT
600	11321	50	11322	50	11323	50
601	11311	50	11312	50	11313	50

#JUMP WALK
700	11417	100
701	11413	100

#JUMP RUN
800	11427	100
801	11423	100

#SIT RIGHT & LEFT 
900	11521	100
901	11511	100

#BRACE RIGHT & LEFT 
1000	11621	100
1001	11611	100

#DIE
999	13001	100

#SKID
1050	11712	100
1051	11711	100

################### SMALL #################
1100	12121	100
1102	12111	100


#WALK LEFT & RIGHT
1200    12121    100    12222    100    12223    100    12224    100
1201    12111    100    12212    100    12213    100    12214    100

#RUN LEFT & RIGHT
1300    12321    100    12322    100
1301    12311    100    12312    100

#BRACE LEFT & RIGHT
1401	12511	100
1400	12521	100

#JUMP WALK
1500	12417	100
1501	12413	100

#JUMP RUN 
1601	12423	100
1600	12427	100

#SKID
1700	12612	100
1701	12611	100

################### FIRE #################
# ID phải khớp hằng ANIMATION::MARIO_FIRE_* (2100-2301) mà MarioFireRender tra cứu
2100	13121	100
2101	13111	100

#WALK LEFT & RIGHT
2200	13121	100	13222	100	13223	100
2201	13111	100	13212	100	13213	100

#RUNNING RIGHT & LEFT
2250	13321	50	13322	50	13323	50
2251	13311	50	13312	50	13313	50

#JUMP WALK
2300	13417	100
2301	13413	100

#SKID
2400	13712	100
2401	13711	100

################### FROG #################
1800	14121	100
1801	14111	100

#HOP LEFT & RIGHT
1810	14121	100	14222	100	14223	100
1811	14111	100	14212	100	14213	100

#JUMP
1820	14417	100
1821	14413	100

[SPRITES]
31000 299 207 316 223 2

[ANIMATIONS]
310      31000       100