[SPRITES]
####################################################
################### RACCOON ########################
####################################################

#IDLE
21121	243	634	266	666	1
21111	183	634	206	666	1

#WALK RIGHT
21222	271	634	294	666	1
21223	302	634	325	666	1

#WALK LEFT
21212	151	634	170	666	1
21213	121	634	140	666	1

#RUN RIGHT
21321	339	634	362	666	1
21322	339	634	362	666	1
21323	397	634	420	666	1

#RUN LEFT
21311	96	634	119	666	1
21312	70	634	93	666	1
21313	39	634	62	666	1

#JUMP WALK
21417	390	755	419	787	1
21413	30	755	59	787	1

#JUMP RUN
21427	390	675	420	707	1
21423	30	675	59	707	1

#SIT
21521	426	719	448	751	1
21511	5	719	27	751	1

#BRACE
21621	425	634	449	666	1
21611	5	634	29	666	1

####################################################
################### TANOOKI ########################
####################################################

#IDLE
31121	242	1324	263	1351	1
31111	182	1324	203	1351	1

#WALK RIGHT
31222	271	1324	290	1351	1
31223	302	1324	321	1351	1

#WALK LEFT
31212	151	1324	170	1351	1
31213	121	1324	140	1351	1

#RUN RIGHT
31321	336	1324	355	1351	1
31322	336	1324	355	1351	1
31323	394	1324	413	1351	1

#RUN LEFT
31311	93	1324	112	1351	1
31312	67	1324	86	1351	1
31313	36	1324	55	1351	1

#JUMP WALK
31417	390	1445	415	1472	1
31413	30	1445	55	1472	1

#JUMP RUN
31427	390	1365	415	1392	1
31423	30	1365	55	1392	1

#SIT
31521	426	1409	441	1426	1
31511	5	1409	20	1426	1

#BRACE
31621	425	1324	442	1351	1
31611	5	1324	22	1351	1

####################################################
################ HAMMER SUIT #######################
####################################################

#IDLE
41121	246	1084	259	1111	1
41111	186	1084	199	1111	1

#WALK RIGHT
41222	275	1084	290	1111	1
41223	304	1084	321	1111	1

#WALK LEFT
41212	155	1084	170	1111	1
41213	125	1084	140	1111	1

#RUN RIGHT
41321	334	1084	355	1111	1
41322	334	1084	355	1111	1
41323	392	1084	413	1111	1

#RUN LEFT
41311	91	1084	112	1111	1
41312	65	1084	86	1111	1
41313	34	1084	55	1111	1

#JUMP WALK
41417	395	1205	412	1232	1
41413	35	1205	52	1232	1

#JUMP RUN
41427	394	1125	413	1152	1
41423	35	1125	52	1152	1

#SIT
41521	426	1169	441	1186	1
41511	5	1169	20	1186	1

#BRACE
41621	425	1084	442	1111	1
41611	5	1084	22	1111	1
# ani_id	sprite1_id	time1	sprite2_id	time2	...
[ANIMATIONS]
####################################################
################### RACCOON ########################
####################################################

2400	21121	100
2401	21111	100

2500	21121	100	21222	100	21223	100
2501	21111	100	21212	100	21213	100

2600	21321	50	21322	50	21323	50
2601	21311	50	21312	50	21313	50

2700	21417	100
2701	21413	100

2800	21427	100
2801	21423	100

2900	21521	100
2901	21511	100

3000	21621	100
3001	21611	100

####################################################
################### TANOOKI ########################
####################################################

3400	31121	100
3401	31111	100

3500	31121	100	31222	100	31223	100
3501	31111	100	31212	100	31213	100

3600	31321	50	31322	50	31323	50
3601	31311	50	31312	50	31313	50

3700	31417	100
3701	31413	100

3800	31427	100
3801	31423	100

3900	31521	100
3901	31511	100

4000	31621	100
4001	31611	100

####################################################
################ HAMMER SUIT #######################
####################################################

4400	41121	100
4401	41111	100

4500	41121	100	41222	100	41223	100
4501	41111	100	41212	100	41213	100

4600	41321	50	41322	50	41323	50
4601	41311	50	41312	50	41313	50

4700	41417	100
4701	41413	100

4800	41427	100
4801	41423	100

4900	41521	100
4901	41511	100

5000	41621	100
5001	41611	100